0.000000
0.000000
0.000000
0.000000
0.000000
0.000000
0.000000
0.000000
0.000000
0.000000
0.000000
0.000000
0.000000
0.000000
0.000000
0.000000
0.000000
0.000000
0.000000
0.000000
0.000000
0.000000
0.000000
0.000000
0.000000
0.000000
0.000000
0.000000
0.000000
0.000000
0.000000
0.000000
0.000000
95.579498
211.897751
198.523697
197.690979
92.261436
91.967651
93.617752
93.880806
98.438637
98.600906
98.742416
98.853653
98.885292
98.798439
98.555511
98.234444
98.147057
98.333435
98.432823
98.314682
98.055969
97.800011
97.918938
98.283638
98.370239
98.194519
98.059250
98.125343
98.241821
98.227760
98.128860
196.894043
196.991074
197.019333
196.894577
196.778717
196.843765
197.168594
197.649124
197.856689
98.425034
98.218788
98.042572
196.946960
197.111496
197.363480
197.443344
197.096985
196.627701
196.774536
197.727982
199.200623
200.263580
201.149567
202.742538
203.066742
201.468552
200.139648
199.304810
198.664001
198.326660
198.225845
198.139145
198.003952
99.214851
99.038712
99.036362
99.006485
98.804451
98.451050
98.131104
97.973877
98.027359
98.206154
98.402390
98.510269
98.500084
98.379646
98.263618
98.335442
98.518875
98.437622
98.208374
194.934357
194.565231
194.811569
194.565018
194.546066
195.086594
195.372391
195.006897
194.627563
194.938507
196.133377
196.758499
197.083038
97.742271
97.614632
98.149742
98.388939
98.175507
97.932808
97.735489
97.615746
97.741920
98.569313
98.682976
98.386612
98.334869
98.529076
197.097626
197.215759
197.392120
197.348953
196.841660
196.116531
98.605774
100.996979
100.614098
99.618080
98.804581
98.487076
98.567322
99.188431
99.370621
99.190895
99.103348
99.180237
99.222137
99.034866
98.963715
99.240509
180.635345
185.053146
187.996902
191.743805
195.861084
196.863373
197.134903
196.943314
196.377914
195.949738
196.160294
196.849716
197.172897
98.415955
98.404648
98.339424
98.355713
198.413818
199.120712
134.290512
134.907394
140.357925
101.641159
101.217743
100.405724
100.341263
204.290497
204.445038
0.000000
0.000000
157.921387
158.134735
150.676468
0.000000
78.564751
321.887787
298.438660
100.329216
0.000000
0.000000
52.368599
52.310333
52.272926
78.141846
77.903664
366.600189
77.880478
77.845848
77.723648
77.713898
77.769768
77.797867
77.727043
77.563286
156.515060
156.005417
155.931458
77.665398
77.509094
150.472687
75.980278
0.000000
127.154083
329.867249
302.827332
303.211792
303.653351
323.558990
156.196579
102.811615
102.586983
77.458000
98.754509
49.409580
205.090729
190.479141
190.111252
190.919968
198.190460
197.690689
99.002228
99.363838
99.397614
99.118500
196.833908
196.645889
196.673676
196.824768
197.121338
197.735764
198.642624
198.899979
198.836029
198.723160
198.085907
196.453354
194.426987
196.100708
197.655609
198.357697
198.601776
198.349625
98.485306
98.272583
193.702377
192.933182
193.735458
194.566330
49.652164
49.597462
49.406296
49.248322
49.118427
188.212967
190.990891
193.246735
193.610016
191.429733
188.786346
184.309402
185.555603
187.972031
103.526680
199.951691
198.268082
194.790131
194.640594
195.597061
197.198395
197.958984
197.957886
197.894699
99.328804
99.152473
98.602661
98.161057
98.157097
98.387733
98.543617
98.510170
98.325317
196.445221
196.288269
196.469070
196.615417
196.965363
197.604904
197.940994
197.763870
197.511414
196.960510
195.731155
194.757019
194.031860
193.976913
194.558212
195.174500
195.527176
194.797668
193.593750
193.620667
194.620621
196.125763
196.728638
98.245811
129.188721
98.866226
99.077232
99.314308
99.803268
100.336502
102.747589
102.828896
96.210320
91.132317
89.691521
183.772461
183.527832
184.090714
98.760635
98.784386
98.748848
98.826111
197.192581
197.948410
198.318329
198.490311
199.246277
199.530518
198.868546
65.733002
65.666328
99.062149
99.479034
81.323700
392.778564
195.033279
195.034637
92.189789
91.999016
91.919434
197.306946
197.319901
197.419586
197.312424
196.596985
194.891312
182.195663
182.064362
182.591537
185.221924
205.682281
205.453232
97.216293
96.486275
98.303955
198.313400
98.730202
98.523933
98.223160
96.760353
95.349884
90.332108
194.817551
195.288528
195.482559
204.849884
93.116852
93.122635
93.051010
73.476105
73.500008
0.000000
0.000000
0.000000
202.943283
202.434174
201.165253
200.403824
76.525223
76.615639
101.994095
149.446777
78.411423
78.454781
78.435104
76.909607
333.651978
332.318024
330.112000
103.424568
103.317200
103.397354
323.071320
322.795074
323.004425
76.610474
193.101089
192.757660
192.428986
77.681633
157.032318
156.946182
156.640457
156.064621
155.662155
156.972015
157.367096
51.973198
51.785400
81.486534
139.242218
139.119232
43.758530
195.311386
99.346771
99.320328
99.270889
99.161491
197.885208
197.761673
197.528595
197.145508
196.632004
98.755470
98.636597
98.673683
98.759766
98.872116
98.901184
98.731186
98.409836
98.622192
98.672043
98.378105
97.768753
97.630394
97.751587
202.261917
203.634109
203.296234
48.966442
48.978447
195.774078
196.077530
196.805130
197.701706
198.985489
49.096855
49.126282
49.158607
146.288071
145.802261
195.279160
78.691200
48.431736
48.404682
187.694519
191.003952
199.234894
201.915466
201.591583
201.176758
201.137619
201.484268
48.415634
48.406719
197.978882
198.070496
99.214989
98.941185
98.890816
98.864075
346.945435
98.445671
48.957542
119.252434
198.356781
99.225769
99.684982
48.398884
160.943497
160.079651
48.730541
48.713356
48.751057
48.989326
201.734772
200.484421
195.322327
195.759506
196.596405
197.333405
197.585907
195.589844
96.182312
96.224648
97.322365
98.786453
194.879868
194.609573
194.612167
194.941818
195.737885
196.557785
197.148300
197.351379
197.045273
196.853119
196.759445
196.110794
195.182327
98.635010
99.600616
99.623596
99.114586
98.780296
98.747498
98.788399
194.990524
64.837738
64.852829
65.419899
65.557487
98.739883
98.251122
97.996758
98.362061
99.036346
99.149849
99.074577
98.913757
98.580360
98.462555
192.079147
192.391891
192.270020
192.775558
194.651215
194.835495
194.480896
194.182434
194.379074
195.215302
196.500092
196.928696
98.790947
97.867210
92.776405
196.930710
197.574982
56.809307
98.353554
98.408981
98.570938
199.606689
198.374268
239.589447
55.990643
56.061378
94.431915
94.411110
94.499619
94.735672
0.000000
98.019463
0.000000
234.502548
182.299103
202.786636
202.440308
0.000000
0.000000
58.804062
90.646561
90.876465
193.465454
193.064514
182.060883
0.000000
103.662506
0.000000
75.957741
185.472794
185.301102
185.128113
87.747383
217.520187
231.104034
229.873306
228.327362
228.093658
227.996429
227.554932
224.090195
46.524796
92.976631
92.878723
92.817444
94.719032
94.687340
94.673843
48.913090
91.621986
91.735558
234.067307
92.194611
57.085323
56.979012
56.975742
57.007915
45.893772
89.760300
100.847916
100.399788
99.661591
98.622749
98.565857
98.678513
98.251137
97.540619
97.480453
98.264679
98.524292
98.370270
98.383331
98.674294
98.878922
45.053234
98.087036
97.640594
97.611542
98.144432
99.109451
49.475414
49.302353
49.174030
49.192383
49.141060
101.142197
101.360565
100.920059
98.910057
98.246719
97.996666
49.042320
49.119637
98.511032
99.474945
99.131905
98.595802
98.557938
98.642288
98.084877
203.410309
202.952911
202.272217
201.704498
200.895813
199.704605
198.299667
197.731277
197.530609
197.433945
196.991684
97.449158
98.288399
98.659447
98.619026
98.344666
98.075752
98.102219
98.090851
98.015388
98.046188
98.412216
98.813370
197.176865
197.958344
197.662842
197.091522
196.324921
195.177612
193.486588
192.873947
194.294724
195.384323
195.172897
194.634415
194.331528
194.340652
194.702667
97.891853
98.058197
98.229782
200.314377
213.189407
200.503265
199.827408
98.055283
97.935684
98.000160
98.433815
98.701965
98.400085
140.199448
138.138428
137.985641
99.038826
99.042023
98.931915
98.803864
98.664154
98.107368
134.456223
96.688202
95.977936
96.105751
66.071060
98.745300
99.024506
96.634003
95.830017
96.147224
97.004791
97.542152
98.256187
66.138977
92.905144
189.031677
191.443802
193.631027
195.260269
196.249817
186.612778
187.231033
186.736450
185.514236
194.294632
195.954269
196.441330
196.105896
195.387421
195.119858
195.461258
196.905792
198.742798
198.614319
98.887642
197.362823
196.834076
195.852081
194.487366
193.597687
193.265305
193.229950
193.309128
193.287811
193.294891
193.789520
195.522446
196.399750
196.723938
196.863403
95.271896
94.852432
94.742500
196.448593
196.382202
192.185745
192.046661
182.377670
92.977272
192.908661
122.614357
74.921890
74.863670
74.006508
74.091705
93.134644
0.000000
183.000183
91.926353
372.224701
373.901703
74.536720
73.128738
73.077705
36.717007
0.000000
0.000000
230.663788
230.251846
93.006531
95.132515
95.088577
234.023148
234.197556
234.108047
233.926315
234.045731
218.923889
218.091721
204.962860
132.094208
195.866013
196.518570
196.890503
196.916595
196.945892
197.060165
197.068192
196.946747
196.785675
196.646927
196.613068
196.669830
196.782196
196.910431
196.913116
196.799255
196.719696
196.744354
196.806290
196.836075
196.815277
196.754547
196.699585
196.667496
196.616714
196.529816
196.470520
196.542892
196.737564
196.923309
197.000458
196.994568
197.007904
197.053680
197.071426
197.031387
196.970154
196.932114
196.946732
197.017929
197.071075
197.024734
196.914764
196.803284
196.661453
196.611832
196.853058
196.992523
196.730301
196.366837
196.387177
196.324829
196.049423
195.915253
196.084213
196.472168
196.674438
196.691635
196.680756
196.643799
196.596924
196.631668
196.745651
196.859344
196.884171
196.783127
196.664307
196.622787
196.611877
196.586014
196.546448
196.482239
196.380737
196.263092
196.166046
196.117676
196.131714
196.185562
196.244278
196.287170
196.309677
196.351257
196.457916
196.603775
196.717346
196.732330
196.642944
196.520935
196.464996
196.565353
196.691132
196.668167
196.542572
196.453278
196.462326
98.141029
98.238945
197.152603
197.563278
197.673355
197.232635
196.613037
196.304977
196.282745
196.376740
196.412613
196.344360
196.266464
196.331436
196.487762
196.532410
196.419327
196.267548
196.203918
196.164734
196.021194
195.835999
195.693466
195.627136
195.636414
195.694168
195.744995
195.795975
195.838058
195.871658
195.942917
196.086273
196.226181
196.249435
196.270157
196.385529
196.521149
196.635468
196.691742
196.600922
196.411911
196.301193
196.349045
98.166328
98.065475
97.927437
97.881058
196.407806
196.662537
196.808090
196.853775
196.938522
197.248260
198.117355
87.691727
87.536522
97.398849
102.084908
315.132812
155.691498
155.784851
155.907974
155.926270
155.794647
155.661224
155.771942
156.030365
156.118484
155.984833
155.898056
155.962616
218.996582
92.445602
97.445824
97.728020
97.868027
91.716278
277.594177
222.638672
222.223572
249.358047
47.464291
104.109322
104.100784
124.187698
129.433456
91.760101
91.843880
185.028244
184.647614
181.915237
225.966888
230.532639
229.951736
229.769943
229.853134
230.073730
230.334869
230.550888
230.718979
230.958466
231.140503
230.980423
230.785385
232.389160
195.770203
195.853912
196.127884
196.564224
197.105820
197.706100
198.149323
198.282837
198.058838
197.545731
197.134842
196.978394
197.027939
197.146271
197.139145
196.985184
196.837952
196.783096
196.752045
196.697784
196.674225
196.715515
196.742676
196.730194
196.779327
196.899643
197.030380
197.093430
197.057571
196.991745
196.974991
197.000305
196.990875
196.928223
196.894913
196.914017
196.952896
196.977493
196.955170
196.856705
196.687149
196.527069
196.518600
196.731567
196.974365
197.127640
197.418564
198.330276
199.208847
198.709702
152.905624
153.516769
154.021942
98.517441
98.413376
77.732094
155.124237
155.301788
155.476227
155.620605
155.706680
155.706467
155.602051
155.471664
155.465637
155.563690
155.701614
155.898178
156.105942
156.173141
156.056900
155.904922
155.775116
155.687729
155.664642
155.653564
155.662659
155.769211
195.608475
98.586487
97.639122
97.294075
97.342369
97.531059
97.585350
97.641083
98.209747
99.292961
57.405190
114.759422
114.821869
229.827332
91.966263
92.053543
103.559433
128.376144
129.970154
77.357475
77.740181
77.922203
195.131577
195.309174
195.725525
196.229370
196.475540
196.562424
196.699890
197.068359
197.546097
197.558304
197.179642
196.831177
196.602737
196.488327
196.518677
196.650192
196.692963
196.608353
196.496216
196.441055
196.559723
196.779633
196.959518
197.025055
197.020691
197.041458
197.040359
197.001678
197.036926
197.141296
197.133682
196.972137
196.735596
196.594940
196.571594
196.441330
196.328476
196.376770
196.522507
196.664551
196.772720
196.883286
196.973190
197.007187
197.016800
196.988113
196.911804
196.872742
196.991226
197.143875
197.043518
196.701248
196.559357
196.515686
196.311966
196.086884
196.186646
196.505188
196.724472
196.847504
196.940582
196.967224
196.968857
98.543625
98.609108
98.540810
197.219864
197.163116
196.831390
195.995331
195.153290
195.438721
196.505859
113.002197
113.641014
113.662689
46.087185
95.085167
93.167801
93.003326
92.828163
92.797752
92.836555
92.780693
92.506065
396.692322
73.785065
73.936874
74.180573
74.279816
74.034813
73.768890
73.780800
73.951347
73.988731
230.249329
224.441376
197.600769
196.228058
57.973297
58.068249
194.626114
292.663544
293.561554
98.286911
98.592201
98.903305
98.932076
98.808640
98.681969
295.789795
295.610413
295.472260
295.411133
98.455032
98.369629
98.290512
98.286545
98.365967
98.480316
295.643890
295.661011
295.610382
295.468933
295.255676
295.104370
295.061554
295.078766
295.092285
295.072784
295.071991
295.156433
295.365936
295.554749
295.551178
295.363617
295.085510
294.846863
294.721161
294.697021
294.673218
294.684875
294.783478
294.855896
294.756470
84.181610
196.781876
196.496521
196.160263
195.830917
195.432632
195.169083
195.143799
195.417023
98.110779
98.400528
98.493187
295.180695
295.084503
294.951080
294.800964
294.746552
294.756165
294.589905
294.189819
293.797028
293.586578
293.616302
293.737061
293.836761
293.965576
294.144623
294.366394
294.635986
294.965668
295.243835
295.397827
295.450684
295.377136
295.144501
294.950806
98.358650
98.340187
98.282608
98.187569
98.108276
98.063591
195.879211
196.078125
196.371643
196.485153
196.449631
196.338196
196.219696
196.150726
196.288300
196.659531
196.455261
195.793457
293.100739
292.948608
293.514099
294.307465
294.809845
295.113953
98.393578
98.421150
98.435036
98.413132
294.999298
294.568512
294.259766
294.117615
294.026184
293.911560
293.782959
293.698273
293.703674
293.772064
293.869812
293.974121
294.032043
294.029114
293.990021
293.962921
293.997559
196.178986
196.276566
196.386581
196.460648
196.394577
196.241882
196.069534
293.965027
293.875366
147.042755
98.074219
98.055489
97.979485
97.893280
97.975296
98.115639
98.202843
98.227791
98.243996
98.244385
98.239326
84.187943
305.290771
306.932922
308.679504
310.223999
311.350342
312.058929
312.600006
312.953003
312.830475
312.583801
312.565735
156.485031
156.526871
156.411392
156.341431
156.352707
156.275742
156.067413
311.528046
311.314301
77.974144
78.008392
78.056602
207.949509
103.961205
104.015129
124.809776
124.836441
104.245514
104.277885
104.208458
104.124008
96.135323
95.974548
93.349884
231.826950
231.464615
231.057571
230.737808
230.601944
230.547913
230.375000
230.036713
229.998444
230.425385
230.712265
230.823059
230.501160
229.170197
185.604034
185.577438
185.578995
185.662674
185.787781
185.964462
186.203598
186.425461
186.514725
186.408905
186.189392
185.976120
185.842758
185.780029
185.745041
185.709427
185.714447
185.759384
185.759369
185.679016
185.630508
185.678162
185.770905
185.793121
185.726624
185.664658
185.640396
185.636200
185.693695
185.856995
186.022156
186.048630
185.919281
185.745255
185.662643
185.725082
185.863129
185.909042
185.808014
185.655914
185.565826
185.530136
185.539795
185.687515
185.994370
51.210800
51.256668
223.075394
222.616150
79.340393
124.317818
78.228416
78.136963
155.543213
155.773056
155.876999
155.863968
155.832916
155.805771
155.767563
155.736923
155.743835
155.793839
155.903351
156.022308
156.087128
156.111618
156.088821
156.015305
155.964905
155.989883
156.011002
155.988968
155.966309
155.904739
155.826950
155.826141
155.928894
78.006584
77.968651
230.666245
156.076080
156.028183
232.690430
230.250793
229.441513
229.203918
229.156052
229.209732
229.280121
229.251770
229.152374
229.382111
230.080048
231.076477
231.789474
130.320648
130.285080
130.286652
195.159836
195.579941
196.083237
196.354599
196.461288
98.231041
98.246353
98.268890
196.498520
196.417282
196.256409
97.975121
97.908806
97.877213
97.862778
195.734863
195.718033
195.788589
195.877045
195.932449
195.976624
196.007629
196.018082
196.051147
196.070312
196.001801
195.895905
195.875565
195.911255
195.888672
195.760452
195.582886
195.463211
195.436188
195.468903
195.487823
195.473648
195.514389
195.726135
196.021759
98.112778
98.028633
195.784592
97.932060
97.969116
98.001274
97.980331
130.556290
195.939926
195.856644
195.855804
195.899979
196.104599
196.397797
196.525116
98.111534
98.097961
98.099617
98.156540
196.777679
196.951965
196.931656
196.772781
196.648376
196.535461
196.374557
196.172882
195.904709
195.619751
195.613693
196.028824
196.339828
392.069153
98.220230
98.200821
196.253296
196.439026
391.842621
391.272675
391.148926
98.291222
87.706650
87.505196
87.470978
98.588043
98.525421
98.392349
98.347992
98.424164
98.499870
98.507385
98.490738
196.146332
178.236832
178.493103
117.100937
235.616043
130.856323
130.903488
393.619843
394.331146
394.675568
394.988007
395.398102
395.622528
395.443298
395.153442
395.124756
395.333954
395.545135
395.700897
395.823792
395.822235
395.629303
395.459167
395.431030
395.432617
395.363434
395.289948
395.354797
395.475769
395.529694
395.529663
395.569427
395.741760
395.995789
396.161987
396.129425
395.880768
395.578857
395.365112
395.257904
395.196838
395.011047
394.507629
394.104065
394.708832
395.315613
395.536224
395.418793
395.091858
394.830200
394.841217
395.047943
197.753677
197.865387
197.616745
196.897278
195.898346
195.056473
194.811371
195.070297
195.568298
195.676193
195.293808
194.882858
194.772873
194.967407
195.262253
195.421280
195.401474
195.306229
195.230042
195.165192
195.009872
194.812729
194.803513
194.999329
195.315735
195.564301
195.770538
195.954376
195.999649
195.927338
195.783127
195.697021
195.715851
195.516205
195.163071
195.094254
97.215225
97.770836
97.855347
195.466278
195.569229
195.463531
194.911331
194.628342
194.641846
194.778549
195.023895
195.348999
195.604446
195.761673
196.038666
196.439423
196.724533
196.262787
195.465836
195.357559
391.328186
392.093597
392.456757
392.320618
392.073944
392.372986
392.936615
393.046661
392.934326
392.945801
393.098938
393.137573
392.903961
392.647430
392.625885
392.814240
393.005981
393.037872
392.918365
392.811096
392.831512
392.957489
393.208557
393.651093
394.038696
196.944321
196.869537
196.793823
196.698074
196.568466
196.538208
196.745071
197.035004
197.078384
196.987991
196.939682
196.941452
196.927917
196.889236
196.864700
196.902039
196.935928
98.412460
98.476799
98.544937
98.568985
196.978180
122.671478
185.003006
185.484299
185.747498
185.858734
185.851288
371.984528
185.521576
185.343033
185.225616
185.190140
185.179855
185.081604
184.971085
184.976257
185.001373
184.980072
184.942200
184.913742
184.924271
185.024643
185.185059
185.332886
185.460297
371.832458
372.701385
373.205719
373.418915
186.519608
186.328705
186.089096
185.979370
185.888275
185.566879
185.326981
185.126938
367.868774
358.264771
350.319885
347.545990
347.037781
347.469025
348.388824
349.322327
349.453522
348.977386
701.419189
701.821655
700.918457
234.983627
336.820862
334.691956
334.778015
82.849594
139.823242
139.814835
212.871628
131.827667
218.681702
219.032211
218.607910
207.180847
314.218201
314.206024
314.485962
314.728424
314.664337
314.448944
314.435638
314.358459
314.366760
316.448303
325.054749
327.165894
327.844452
328.536743
329.295227
329.705139
329.822693
329.924042
329.773926
329.422089
329.247925
329.353271
329.389465
329.451355
329.688904
329.718048
657.495728
657.127258
655.806946
219.014008
218.878098
218.803131
328.702209
329.000671
82.311127
82.306000
82.344467
329.185791
109.988899
110.044228
109.999069
208.015671
207.293457
207.823486
208.691681
209.036865
208.937271
208.967239
209.177429
68.919334
69.096931
139.093689
210.127975
210.501709
212.468246
219.636398
218.893509
204.678558
203.348557
203.373795
203.511505
203.692825
203.886444
204.289963
204.997971
205.795013
206.370880
206.797592
206.897202
206.653717
206.327728
206.139740
206.259674
206.618896
206.783936
206.353760
205.872421
205.718674
205.837372
206.476334
207.141098
207.002533
206.453888
274.358582
274.738251
275.043213
275.729492
276.244843
276.378571
276.455719
276.474976
276.496674
276.578552
276.720001
276.812073
276.756378
276.645447
276.449036
276.132446
275.928955
275.936676
276.110046
276.378204
276.585968
276.573639
276.369446
276.250946
276.308716
276.303467
276.217499
276.228394
276.299561
276.398102
276.618713
276.862518
277.042938
277.196442
277.323883
277.339478
277.148743
276.865173
276.752777
276.744171
276.637482
276.640656
138.275635
138.229218
138.332916
138.466827
138.467484
276.946106
276.415344
275.346497
272.555908
266.933167
265.477814
263.278778
260.575745
259.960022
259.950867
260.192322
260.522308
260.652618
260.445953
260.170502
260.084656
260.078339
260.014709
259.923187
259.906982
260.064636
260.251129
260.300262
260.254730
260.207611
129.956543
86.594994
86.598427
259.921448
259.887238
259.883575
259.888062
259.862732
86.678665
259.847168
259.549561
259.101166
258.913452
259.051788
259.189697
258.736633
257.175659
248.152817
248.298645
248.386429
248.210312
247.818665
247.313644
259.441345
259.599121
256.456879
248.777466
246.309799
243.908890
232.006790
231.568100
231.399445
231.312714
462.881073
463.173981
464.224121
231.318878
230.923477
462.954559
459.582977
214.590485
214.521255
215.014389
216.087296
216.801468
217.332169
218.443481
442.974762
223.884827
223.862015
226.574707
228.785110
458.242065
230.401398
230.843674
231.196396
231.355972
231.260925
230.975601
230.664825
230.504944
230.543671
230.759537
231.152954
231.392639
231.256653
231.058029
231.091766
231.348083
231.597977
231.800934
231.916534
231.771210
231.387070
231.367538
231.586060
230.801254
229.406067
228.444885
77.028313
77.016953
377.815430
375.198425
372.582489
374.511902
372.939484
369.419312
368.082794
369.762115
373.252258
375.047028
373.759979
371.354675
371.254089
74.403763
92.159325
77.285927
77.355095
77.367676
77.521362
78.124756
78.394737
156.901215
156.861359
156.461578
155.779617
155.631454
155.716553
155.657700
155.449402
155.229187
155.188065
155.361588
155.550964
155.786575
156.020523
155.901825
155.573364
155.205719
155.027496
154.919601
154.896332
155.150589
78.241035
78.571426
79.755600
117.569221
61.234402
184.202957
183.727005
183.712570
184.085526
184.557846
184.825256
184.927094
184.970490
184.907333
184.714508
184.512543
184.370895
184.296570
184.342560
184.455429
184.508942
184.550964
184.683929
184.785828
184.750488
184.633926
184.535934
184.500214
184.497131
184.510529
184.577011
184.642715
184.625839
184.558701
184.527802
184.522598
184.556076
184.651978
184.738525
184.802505
184.910843
185.145294
185.305374
185.277100
185.273254
185.309906
185.314072
185.290756
185.279770
185.274994
185.432693
250.408981
209.098587
211.560318
212.807617
306.958679
154.165237
154.630478
155.093430
155.368286
155.467606
155.467865
155.437332
155.396133
155.346603
155.298294
155.275253
155.335297
155.458542
155.501678
155.427383
155.311523
77.642166
77.682579
77.718552
155.403473
155.418503
77.780556
77.785957
77.769196
155.707870
155.754242
155.527725
155.285080
185.326340
185.553772
77.588829
77.518776
77.208397
185.563232
184.639954
184.066437
183.918213
183.891327
367.320160
367.934204
155.623047
77.724449
77.682198
231.091782
231.083023
231.071472
231.116577
231.321991
231.711304
232.224792
232.690170
232.933517
232.956223
466.677704
466.411926
466.288330
232.598114
232.533936
232.471771
232.432144
232.393616
232.306213
232.199829
232.202591
232.367966
232.488312
232.491852
232.562622
232.786880
232.992538
233.020782
232.891479
232.767212
232.827103
232.921967
232.865845
232.751602
232.697144
232.700684
232.715622
232.726822
116.455360
232.620148
232.511871
232.414642
232.308823
232.279068
232.327423
232.297684
232.144394
232.092316
232.419464
77.517616
193.571915
193.848221
194.272247
194.837830
195.278229
195.474609
195.495483
195.564423
195.894485
196.247131
196.387741
196.340820
196.152359
195.947571
195.774445
195.619659
195.582626
195.800705
196.127335
196.120468
195.927551
195.898788
196.057800
196.146881
196.051315
195.886612
195.823715
195.812378
195.929611
196.314316
196.517624
196.447922
196.273056
196.025909
195.772690
195.673691
195.790939
78.837990
78.723785
78.547897
232.374313
231.401535
230.865173
230.737854
230.937302
231.223038
231.043900
230.753448
231.007217
299.342163
296.562225
98.701622
98.729500
294.907715
295.254944
295.461060
197.252365
295.596344
295.710968
295.740906
295.596619
295.471619
295.508423
295.713165
295.898773
295.868439
295.668854
295.419678
295.196136
295.036743
294.999359
196.933380
197.046524
197.145813
98.544365
98.476692
295.143036
294.906097
294.892578
98.272705
98.290031
98.278252
98.255707
98.251701
98.262245
98.260246
98.229065
98.197121
98.180374
98.167404
98.139984
98.103149
98.078506
196.116119
196.140625
196.221405
147.232162
147.299774
147.312683
147.282166
147.237274
196.418777
196.395401
196.227432
196.137573
196.282822
196.362701
195.986023
97.989365
146.986313
294.023193
293.957581
293.940277
293.785400
293.644714
293.700165
293.846649
293.958069
294.036072
196.017044
196.065292
196.131256
196.081909
195.857651
195.622681
147.031067
195.937027
196.134232
294.057678
294.136780
98.196198
98.156738
98.153969
98.198769
98.232986
98.219704
98.229378
98.261436
98.233025
98.125229
98.039200
98.038521
98.087219
98.122665
98.152649
98.210625
98.224693
98.110497
98.027664
195.878021
196.453735
196.951782
393.596649
394.391235
395.389923
395.977905
396.130188
198.148987
792.367920
395.133759
395.099182
395.337860
395.479462
395.195160
394.519043
394.009064
393.932892
394.166656
394.462341
394.652130
394.741455
394.749146
394.720032
197.409576
197.389908
197.374023
197.325546
394.490875
394.115082
393.836121
393.922119
394.237549
394.531036
197.009262
196.823822
196.667618
196.744705
196.946304
197.119171
197.246414
197.290863
78.696770
78.586670
78.551582
78.564812
78.568535
78.579010
78.590424
78.577148
78.615807
78.840538
78.948784
196.761520
195.472702
195.467484
195.713058
195.902863
196.200424
196.520828
196.725006
196.795364
196.740234
196.617508
196.477676
196.308945
196.061295
195.742783
195.507782
195.468155
195.632797
195.880173
196.025299
195.926346
195.783096
195.867233
195.914841
195.673645
195.386398
195.409485
195.499313
195.426651
195.418121
195.625504
195.984497
196.348160
196.523911
196.301605
195.963882
196.076279
196.410919
196.461990
195.988876
195.357285
388.894836
389.991211
196.107361
196.300507
196.570648
196.672501
196.126907
195.306152
195.120422
195.192688
195.304337
195.423767
195.508255
195.527130
195.515854
195.518265
391.294800
391.635559
392.087280
392.452332
392.506256
392.384827
392.250092
196.019257
196.167206
196.315506
196.394089
196.292114
196.111664
196.191254
196.405701
196.529770
393.423401
393.615082
393.943573
197.039993
197.096558
197.011459
394.527313
394.665802
394.579163
394.089417
98.169258
98.232437
98.340439
98.425026
98.428963
98.377472
98.356796
196.880356
196.909378
196.869522
196.660675
97.965981
98.057556
98.308052
98.738617
375.046753
371.161224
185.957031
186.121246
186.356003
186.533463
186.472656
372.854431
372.509003
372.397522
372.408203
372.510223
372.542847
372.363098
185.905136
185.772812
185.753387
372.094879
371.706604
371.325348
371.128601
371.328522
372.125214
372.924042
373.179810
372.790924
371.744110
185.636734
185.400543
372.019958
372.277130
372.109650
371.850586
371.612823
371.799377
372.503143
372.491669
369.462280
359.566376
348.311066
347.798218
347.936859
348.131409
348.561493
349.673248
350.941925
351.077881
350.335205
348.070557
344.231689
340.615753
336.392090
334.097900
333.037598
333.115784
82.639305
82.384964
138.547546
138.484100
138.389526
138.370819
69.342834
326.779083
322.850311
318.384430
317.700195
168.986618
169.088257
168.683823
327.490509
110.718399
110.580811
110.216324
329.038208
329.824982
330.482910
330.925659
331.250610
331.530273
331.767242
331.899078
331.835114
331.493011
331.019806
330.599457
330.231323
330.086365
330.231171
330.524963
330.670441
330.398224
329.966125
329.807098
329.814026
329.730225
329.487213
329.137573
82.396301
82.403465
82.483284
82.724503
111.344376
111.325020
111.353256
111.038574
212.232086
209.937866
208.559280
209.434906
210.798767
69.231697
69.240616
69.361160
69.468674
69.456711
69.209099
218.905518
209.973145
207.191696
205.395279
203.367447
202.521118
202.511475
202.704086
203.067215
204.034576
205.310791
206.110275
206.503815
206.785202
206.989990
207.021957
207.014526
207.217422
207.422440
207.300781
206.801590
206.367004
206.327087
206.416519
206.410706
206.332474
206.458755
206.819046
206.932388
206.962830
138.256378
136.418427
135.829514
69.449501
69.456223
69.528061
102.713181
137.393234
103.152794
69.325539
69.314308
69.255699
69.241394
69.253151
69.169548
68.899384
68.750854
542.983398
274.175873
274.325714
274.535431
274.727386
275.182098
275.814148
276.242401
69.083405
69.150681
69.240852
69.307320
69.250977
69.133987
69.061638
68.998085
68.945145
68.971184
69.127182
554.044250
553.737732
276.449860
209.350800
213.901535
213.882416
213.302216
69.124237
69.093605
69.067764
138.219513
138.603851
138.757477
138.771027
138.808838
252.706955
255.782074
257.510803
267.414886
268.190582
82.297638
258.097961
258.684784
259.198669
259.701752
260.206329
260.760010
164.159027
164.121185
164.248795
164.538300
82.189804
82.232658
82.352097
62.130821
103.837173
103.825920
103.734566
207.641663
206.952744
206.596176
206.991333
103.132088
103.041260
69.013145
266.392426
326.310394
330.302185
143.586670
143.400452
70.417656
208.014160
208.166748
208.651779
208.715851
208.394897
207.542755
163.800491
163.781464
163.565094
163.170609
162.556107
162.073914
203.193237
212.735321
231.631287
231.581146
230.977402
78.212769
78.264465
118.523003
123.917480
92.405472
92.520363
92.751686
92.964989
92.998550
52.009289
51.994747
51.948021
74.801743
220.767471
219.394501
218.661804
442.977905
442.575043
91.134125
91.228630
91.396721
91.498489
52.267437
156.072968
154.799713
154.886795
155.291519
155.403793
155.188477
154.522507
230.623810
231.029388
231.537766
231.503387
78.077354
77.815628
153.877319
153.862640
154.449524
231.017212
231.940277
232.047974
232.370605
233.102661
234.113800
236.268539
236.627258
236.316864
79.302757
79.651932
78.200615
77.918015
77.872047
77.908073
77.959656
78.012238
131.593262
184.188995
182.476700
178.827087
187.363785
61.738892
77.164703
77.483139
77.942558
78.113998
51.810696
51.871071
152.526062
152.579803
152.887985
153.518463
154.326935
154.676956
154.841385
155.045868
155.351273
155.626648
155.632782
155.525543
77.613388
77.709625
60.965572
313.359589
312.451324
312.223419
312.130280
77.686653
77.418404
77.398483
375.977203
77.621025
77.574707
61.964024
186.283569
183.913345
183.606995
183.824173
184.182632
184.261444
184.119629
184.073837
184.263824
184.515503
184.519257
184.353699
184.255386
184.321808
184.558456
184.809433
184.769882
184.442291
184.309875
184.414246
184.475174
92.333435
92.267143
92.267899
184.239120
183.878357
183.931808
184.281693
184.821487
185.104996
185.187134
185.228043
185.171509
185.101776
185.182281
185.430115
185.610718
185.715530
185.797440
185.852112
61.697628
61.611858
61.590534
61.646011
61.745537
61.871109
61.994316
62.058990
216.215134
306.560974
307.096680
215.723618
57.251793
77.595428
62.825943
62.650612
62.587578
77.781174
77.660591
77.660599
77.555542
115.615891
115.726807
77.395599
231.100784
77.234108
116.783302
116.626968
116.217926
229.471848
230.165726
230.642563
77.564140
77.620132
77.677223
77.676064
77.537102
77.489815
77.579323
77.673531
77.679428
77.628258
314.198853
315.984558
62.395653
62.417084
62.408813
91.085632
229.096390
229.885269
459.325806
461.141144
462.405731
462.551544
231.035065
230.587128
460.920776
115.524490
194.696396
194.788284
194.857956
194.677277
194.744141
195.206955
195.500626
195.561981
195.574326
195.753387
196.119370
196.281540
196.175461
196.063080
196.014084
195.916946
195.887115
195.905960
195.910248
195.878143
195.826813
97.913956
97.848747
97.789040
195.615372
97.832474
97.920624
97.973579
97.954536
97.875664
97.833855
97.858963
97.901024
195.773651
195.824951
195.873444
195.872711
195.799652
195.674744
195.538742
195.408279
195.244965
195.235291
195.445694
195.725082
195.894806
195.915466
195.918732
196.082993
233.894501
207.407639
308.933899
310.833252
311.373871
311.169189
62.399822
62.502861
311.522888
311.635223
78.151070
78.124550
78.123177
104.085350
103.979042
155.669998
311.186615
310.241089
309.666656
133.547791
133.476151
310.844818
103.715431
103.781120
155.961349
155.794861
103.576050
103.775917
104.182892
77.857391
77.683197
77.665291
309.891022
310.840881
311.325134
311.609741
312.067719
313.193298
90.243790
90.073334
454.418671
457.129364
459.024689
460.110565
460.570038
460.570557
459.993134
459.031219
458.629364
231.151077
231.613129
122.541862
196.226791
195.541885
194.970505
194.962769
195.217804
195.565933
196.184753
196.644058
196.752945
196.770737
196.786957
196.729477
196.579010
196.404922
196.329361
196.441925
196.611649
196.580185
196.337860
196.079514
196.021988
196.213516
98.312157
98.306992
196.361435
196.041748
195.962601
196.234055
196.559647
196.635422
196.532654
196.587692
49.248989
49.257160
98.494026
98.497299
98.545525
98.559662
98.522133
98.482681
98.454979
98.436584
196.673508
196.864090
197.028793
196.936142
196.804520
49.308281
49.330765
197.530151
197.286514
197.163544
197.257385
197.462433
197.599792
197.531006
197.376328
197.354340
98.739586
98.780609
98.808678
49.356270
49.300789
197.586151
197.811050
98.817787
98.789902
98.774155
98.794319
197.750671
197.371582
196.985123
196.882614
196.970673
98.696739
98.739456
98.735153
98.691154
98.615822
98.557571
98.592873
197.287628
197.362015
394.562653
394.765564
395.258850
395.651215
98.907524
98.861763
98.833542
98.848213
394.448853
394.479645
264.497101
263.557922
197.401581
198.204803
198.870132
199.017349
198.611984
198.378342
198.625290
198.988785
199.050186
99.131363
98.904892
98.745140
198.166763
98.684792
98.739388
98.767502
98.797501
98.937531
98.955223
98.626900
98.160095
98.156425
98.105843
97.889366
97.788933
97.953712
98.132904
98.248863
98.365944
98.507248
98.599037
98.639862
98.732330
98.944366
99.012939
98.873184
98.787216
98.797531
98.916580
99.076355
98.992821
98.810059
98.683167
98.459457
98.110512
97.811897
97.839157
98.335289
98.612770
98.701973
199.101456
199.729553
234.664703
114.986267
115.362503
118.039009
197.905792
198.286789
198.512390
198.486526
198.165115
197.617615
197.248840
197.296005
197.457230
197.669327
197.956284
98.845856
98.684723
98.481468
98.178825
98.111771
98.439407
98.794281
98.809738
98.390579
97.823578
97.635971
97.660934
97.875641
196.450226
197.267197
197.566238
197.325089
196.969345
196.879990
196.736603
196.526184
196.712357
196.805267
196.735992
196.623764
196.552811
196.543503
196.613235
196.604675
196.554138
197.019531
197.424133
197.603897
197.743164
198.239075
199.019516
198.151794
197.096985
197.093765
197.363998
197.662323
197.829941
197.841660
98.788429
98.783966
98.711281
98.570457
98.453209
98.431564
98.931824
99.181107
99.113213
98.690369
98.457512
98.534912
98.649368
98.604179
98.378181
199.369247
198.747070
197.342163
196.984756
197.222443
197.402618
197.471024
197.508392
197.600342
197.560181
197.024948
195.865234
97.784019
97.985504
98.730370
98.908150
198.014893
197.630936
198.117340
199.246094
199.130905
198.479630
198.027191
98.909660
99.010345
99.009918
214.865982
134.523346
134.496307
216.524841
217.362061
227.868942
242.102173
74.246971
74.093925
93.138252
93.110115
190.595535
418.043213
418.077972
199.241959
198.923599
199.028641
200.997864
53.502857
118.598808
229.578934
230.905640
232.293900
232.952255
0.000000
94.454590
94.514717
124.289345
370.971649
371.388367
74.116867
74.122810
74.667076
74.961166
53.345093
123.795044
123.998016
123.978134
123.975815
93.330055
93.631599
110.560715
111.250984
229.416275
229.901672
74.172424
74.204750
62.632591
232.534363
228.477356
227.359634
234.059723
235.013580
198.245834
198.079620
198.103912
98.896515
98.794258
98.918320
99.077225
98.992729
98.760063
98.592896
98.810295
98.990646
98.826134
98.586693
98.471016
98.460899
98.446449
98.361641
98.214111
98.115135
98.157478
98.242775
98.276978
98.287430
98.311989
0.000000
0.000000
0.000000
0.000000
0.000000
0.000000
0.000000
0.000000
0.000000
0.000000
0.000000
0.000000
0.000000
0.000000
0.000000
0.000000
