0.000000
0.011610
0.023220
0.034830
0.046440
0.058050
0.069660
0.081270
0.092880
0.104490
0.116100
0.127710
0.139320
0.150930
0.162540
0.174150
0.185760
0.197370
0.208980
0.220590
0.232200
0.243810
0.255419
0.267029
0.278639
0.290249
0.301859
0.313469
0.325079
0.336689
0.348299
0.359909
0.371519
0.383129
0.394739
0.406349
0.417959
0.429569
0.441179
0.452789
0.464399
0.476009
0.487619
0.499229
0.510839
0.522449
0.534059
0.545669
0.557279
0.568889
0.580499
0.592109
0.603719
0.615329
0.626939
0.638549
0.650159
0.661769
0.673379
0.684989
0.696599
0.708209
0.719819
0.731429
0.743039
0.754649
0.766258
0.777869
0.789478
0.801088
0.812698
0.824308
0.835918
0.847528
0.859138
0.870748
0.882358
0.893968
0.905578
0.917188
0.928798
0.940408
0.952018
0.963628
0.975238
0.986848
0.998458
1.010068
1.021678
1.033288
1.044898
1.056508
1.068118
1.079728
1.091338
1.102948
1.114558
1.126168
1.137778
1.149388
1.160998
1.172608
1.184218
1.195828
1.207438
1.219048
1.230658
1.242268
1.253878
1.265488
1.277097
1.288707
1.300317
1.311927
1.323537
1.335147
1.346757
1.358367
1.369977
1.381587
1.393197
1.404807
1.416417
1.428027
1.439637
1.451247
1.462857
1.474467
1.486077
1.497687
1.509297
1.520907
1.532517
1.544127
1.555737
1.567347
1.578957
1.590567
1.602177
1.613787
1.625397
1.637007
1.648617
1.660227
1.671837
1.683447
1.695057
1.706667
1.718277
1.729887
1.741497
1.753107
1.764717
1.776327
1.787936
1.799546
1.811157
1.822766
1.834376
1.845986
1.857596
1.869206
1.880816
1.892426
1.904036
1.915646
1.927256
1.938866
1.950476
1.962086
1.973696
1.985306
1.996916
2.008526
2.020136
2.031746
2.043356
2.054966
2.066576
2.078186
2.089796
2.101406
2.113016
2.124626
2.136236
2.147846
2.159456
2.171066
2.182676
2.194286
2.205896
2.217506
2.229116
2.240726
2.252336
2.263946
2.275556
2.287166
2.298775
2.310385
2.321995
2.333606
2.345215
2.356825
2.368435
2.380045
2.391655
2.403265
2.414875
2.426485
2.438095
2.449705
2.461315
2.472925
2.484535
2.496145
2.507755
2.519365
2.530975
2.542585
2.554195
2.565805
2.577415
2.589025
2.600635
2.612245
2.623855
2.635465
2.647075
2.658685
2.670295
2.681905
2.693515
2.705125
2.716735
2.728345
2.739955
2.751565
2.763175
2.774785
2.786395
2.798005
2.809614
2.821224
2.832834
2.844445
2.856054
2.867664
2.879274
2.890884
2.902494
2.914104
2.925714
2.937324
2.948934
2.960544
2.972154
2.983764
2.995374
3.006984
3.018594
3.030204
3.041814
3.053424
3.065034
3.076644
3.088254
3.099864
3.111474
3.123084
3.134694
3.146304
3.157914
3.169524
3.181134
3.192744
3.204354
3.215964
3.227574
3.239184
3.250794
3.262404
3.274014
3.285624
3.297234
3.308844
3.320453
3.332063
3.343673
3.355283
3.366894
3.378503
3.390113
3.401723
3.413333
3.424943
3.436553
3.448163
3.459773
3.471383
3.482993
3.494603
3.506213
3.517823
3.529433
3.541043
3.552653
3.564263
3.575873
3.587483
3.599093
3.610703
3.622313
3.633923
3.645533
3.657143
3.668753
3.680363
3.691973
3.703583
3.715193
3.726803
3.738413
3.750023
3.761633
3.773243
3.784853
3.796463
3.808073
3.819683
3.831293
3.842902
3.854512
3.866122
3.877733
3.889342
3.900952
3.912562
3.924172
3.935782
3.947392
3.959002
3.970612
3.982222
3.993832
4.005442
4.017052
4.028662
4.040272
4.051882
4.063492
4.075102
4.086712
4.098322
4.109932
4.121542
4.133152
4.144762
4.156372
4.167982
4.179592
4.191202
4.202812
4.214422
4.226032
4.237642
4.249252
4.260862
4.272471
4.284081
4.295691
4.307302
4.318912
4.330522
4.342132
4.353742
4.365352
4.376961
4.388571
4.400181
4.411791
4.423401
4.435011
4.446621
4.458231
4.469841
4.481451
4.493061
4.504671
4.516281
4.527891
4.539501
4.551111
4.562721
4.574331
4.585941
4.597551
4.609161
4.620771
4.632381
4.643991
4.655601
4.667211
4.678821
4.690431
4.702041
4.713651
4.725261
4.736871
4.748481
4.760091
4.771701
4.783311
4.794920
4.806530
4.818141
4.829751
4.841361
4.852971
4.864581
4.876191
4.887800
4.899410
4.911020
4.922630
4.934240
4.945850
4.957460
4.969070
4.980680
4.992290
5.003900
5.015510
5.027120
5.038730
5.050340
5.061950
5.073560
5.085170
5.096780
5.108390
5.120000
5.131610
5.143220
5.154830
5.166440
5.178050
5.189660
5.201270
5.212880
5.224490
5.236100
5.247710
5.259320
5.270930
5.282540
5.294150
5.305759
5.317369
5.328979
5.340590
5.352200
5.363810
5.375420
5.387030
5.398640
5.410249
5.421859
5.433469
5.445079
5.456689
5.468299
5.479909
5.491519
5.503129
5.514739
5.526349
5.537959
5.549569
5.561179
5.572789
5.584399
5.596009
5.607619
5.619229
5.630839
5.642449
5.654059
5.665669
5.677279
5.688889
5.700499
5.712109
5.723719
5.735329
5.746939
5.758549
5.770159
5.781769
5.793379
5.804989
5.816598
5.828208
5.839818
5.851429
5.863039
5.874649
5.886259
5.897869
5.909479
5.921088
5.932698
5.944308
5.955918
5.967528
5.979138
5.990748
6.002358
6.013968
6.025578
6.037188
6.048798
6.060408
6.072018
6.083628
6.095238
6.106848
6.118458
6.130068
6.141678
6.153288
6.164898
6.176508
6.188118
6.199728
6.211338
6.222948
6.234558
6.246168
6.257778
6.269388
6.280998
6.292608
6.304218
6.315828
6.327438
6.339047
6.350657
6.362267
6.373878
6.385488
6.397098
6.408708
6.420318
6.431927
6.443537
6.455147
6.466757
6.478367
6.489977
6.501587
6.513197
6.524807
6.536417
6.548027
6.559637
6.571247
6.582857
6.594467
6.606077
6.617687
6.629297
6.640907
6.652517
6.664127
6.675737
6.687347
6.698957
6.710567
6.722177
6.733787
6.745397
6.757007
6.768617
6.780227
6.791837
6.803447
6.815057
6.826667
6.838277
6.849886
6.861496
6.873106
6.884717
6.896327
6.907937
6.919547
6.931157
6.942767
6.954376
6.965986
6.977596
6.989206
7.000816
7.012426
7.024036
7.035646
7.047256
7.058866
7.070476
7.082086
7.093696
7.105306
7.116916
7.128526
7.140136
7.151746
7.163356
7.174966
7.186576
7.198186
7.209796
7.221406
7.233016
7.244626
7.256236
7.267846
7.279456
7.291066
7.302676
7.314286
7.325896
7.337506
7.349116
7.360725
7.372335
7.383945
7.395555
7.407166
7.418776
7.430386
7.441996
7.453606
7.465215
7.476825
7.488435
7.500045
7.511655
7.523265
7.534875
7.546485
7.558095
7.569705
7.581315
7.592925
7.604535
7.616145
7.627755
7.639365
7.650975
7.662585
7.674195
7.685805
7.697415
7.709025
7.720635
7.732245
7.743855
7.755465
7.767075
7.778685
7.790295
7.801905
7.813515
7.825125
7.836735
7.848345
7.859955
7.871564
7.883174
7.894784
7.906394
7.918005
7.929615
7.941225
7.952835
7.964445
7.976054
7.987664
7.999274
8.010884
8.022494
8.034104
8.045714
8.057324
8.068934
8.080544
8.092155
8.103765
8.115375
8.126985
8.138594
8.150204
8.161814
8.173424
8.185034
8.196644
8.208254
8.219864
8.231474
8.243084
8.254694
8.266304
8.277914
8.289524
8.301134
8.312744
8.324354
8.335963
8.347573
8.359183
8.370793
8.382403
8.394013
8.405623
8.417233
8.428843
8.440454
8.452064
8.463674
8.475284
8.486894
8.498504
8.510114
8.521724
8.533334
8.544943
8.556553
8.568163
8.579773
8.591383
8.602993
8.614603
8.626213
8.637823
8.649433
8.661043
8.672653
8.684263
8.695873
8.707483
8.719093
8.730703
8.742313
8.753922
8.765532
8.777143
8.788753
8.800363
8.811973
8.823583
8.835193
8.846803
8.858413
8.870023
8.881633
8.893243
8.904853
8.916463
8.928073
8.939683
8.951293
8.962902
8.974512
8.986122
8.997732
9.009342
9.020952
9.032562
9.044172
9.055782
9.067392
9.079002
9.090612
9.102222
9.113832
9.125443
9.137053
9.148663
9.160272
9.171882
9.183492
9.195102
9.206712
9.218322
9.229932
9.241542
9.253152
9.264762
9.276372
9.287982
9.299592
9.311202
9.322812
9.334422
9.346032
9.357642
9.369251
9.380861
9.392471
9.404081
9.415691
9.427301
9.438911
9.450521
9.462132
9.473742
9.485352
9.496962
9.508572
9.520182
9.531792
9.543402
9.555012
9.566622
9.578231
9.589841
9.601451
9.613061
9.624671
9.636281
9.647891
9.659501
9.671111
9.682721
9.694331
9.705941
9.717551
9.729161
9.740771
9.752381
9.763991
9.775600
9.787210
9.798820
9.810431
9.822041
9.833651
9.845261
9.856871
9.868481
9.880091
9.891701
9.903311
9.914921
9.926531
9.938141
9.949751
9.961361
9.972971
9.984580
9.996190
10.007800
10.019410
10.031020
10.042630
10.054240
10.065850
10.077460
10.089070
10.100680
10.112290
10.123900
10.135510
10.147120
10.158731
10.170341
10.181951
10.193560
10.205170
10.216780
10.228390
10.240000
10.251610
10.263220
10.274830
10.286440
10.298050
10.309660
10.321270
10.332880
10.344490
10.356100
10.367710
10.379320
10.390930
10.402539
10.414149
10.425759
10.437369
10.448979
10.460589
10.472199
10.483809
10.495420
10.507030
10.518640
10.530250
10.541860
10.553470
10.565080
10.576690
10.588300
10.599909
10.611519
10.623129
10.634739
10.646349
10.657959
10.669569
10.681179
10.692789
10.704399
10.716009
10.727619
10.739229
10.750839
10.762449
10.774059
10.785669
10.797279
10.808888
10.820498
10.832108
10.843719
10.855329
10.866939
10.878549
10.890159
10.901769
10.913379
10.924989
10.936599
10.948209
10.959819
10.971429
10.983039
10.994649
11.006259
11.017868
11.029478
11.041088
11.052698
11.064308
11.075918
11.087528
11.099138
11.110748
11.122358
11.133968
11.145578
11.157188
11.168798
11.180408
11.192019
11.203629
11.215239
11.226848
11.238458
11.250068
11.261678
11.273288
11.284898
11.296508
11.308118
11.319728
11.331338
11.342948
11.354558
11.366168
11.377778
11.389388
11.400998
11.412608
11.424217
11.435827
11.447437
11.459047
11.470657
11.482267
11.493877
11.505487
11.517097
11.528708
11.540318
11.551928
11.563538
11.575148
11.586758
11.598368
11.609978
11.621588
11.633197
11.644807
11.656417
11.668027
11.679637
11.691247
11.702857
11.714467
11.726077
11.737687
11.749297
11.760907
11.772517
11.784127
11.795737
11.807347
11.818957
11.830567
11.842176
11.853786
11.865396
11.877007
11.888617
11.900227
11.911837
11.923447
11.935057
11.946667
11.958277
11.969887
11.981497
11.993107
12.004717
12.016327
12.027937
12.039546
12.051156
12.062766
12.074376
12.085986
12.097596
12.109206
12.120816
12.132426
12.144036
12.155646
12.167256
12.178866
12.190476
12.202086
12.213696
12.225307
12.236917
12.248526
12.260136
12.271746
12.283356
12.294966
12.306576
12.318186
12.329796
12.341406
12.353016
12.364626
12.376236
12.387846
12.399456
12.411066
12.422676
12.434286
12.445896
12.457505
12.469115
12.480725
12.492335
12.503945
12.515555
12.527165
12.538775
12.550385
12.561996
12.573606
12.585216
12.596826
12.608436
12.620046
12.631656
12.643266
12.654876
12.666485
12.678095
12.689705
12.701315
12.712925
12.724535
12.736145
12.747755
12.759365
12.770975
12.782585
12.794195
12.805805
12.817415
12.829025
12.840635
12.852245
12.863854
12.875464
12.887074
12.898685
12.910295
12.921905
12.933515
12.945125
12.956735
12.968345
12.979955
12.991565
13.003175
13.014785
13.026395
13.038005
13.049615
13.061225
13.072834
13.084444
13.096054
13.107664
13.119274
13.130884
13.142494
13.154104
13.165714
13.177324
13.188934
13.200544
13.212154
13.223764
13.235374
13.246984
13.258595
13.270205
13.281814
13.293424
13.305034
13.316644
13.328254
13.339864
13.351474
13.363084
13.374694
13.386304
13.397914
13.409524
13.421134
13.432744
13.444354
13.455964
13.467574
13.479183
13.490793
13.502403
13.514013
13.525623
13.537233
13.548843
13.560453
13.572063
13.583673
13.595284
13.606894
13.618504
13.630114
13.641724
13.653334
13.664944
13.676554
13.688163
13.699773
13.711383
13.722993
13.734603
13.746213
13.757823
13.769433
13.781043
13.792653
13.804263
13.815873
13.827483
13.839093
13.850703
13.862313
13.873923
13.885533
13.897142
13.908752
13.920362
13.931973
13.943583
13.955193
13.966803
13.978413
13.990023
14.001633
14.013243
14.024853
14.036463
14.048073
14.059683
14.071293
14.082903
14.094513
14.106122
14.117732
14.129342
14.140952
14.152562
14.164172
14.175782
14.187392
14.199002
14.210612
14.222222
14.233832
14.245442
14.257052
14.268662
14.280272
14.291883
14.303492
14.315102
14.326712
14.338322
14.349932
14.361542
14.373152
14.384762
14.396372
14.407982
14.419592
14.431202
14.442812
14.454422
14.466032
14.477642
14.489252
14.500862
14.512471
14.524081
14.535691
14.547301
14.558911
14.570521
14.582131
14.593741
14.605351
14.616961
14.628572
14.640182
14.651792
14.663402
14.675012
14.686622
14.698232
14.709842
14.721451
14.733061
14.744671
14.756281
14.767891
14.779501
14.791111
14.802721
14.814331
14.825941
14.837551
14.849161
14.860771
14.872381
14.883991
14.895601
14.907211
14.918821
14.930430
14.942040
14.953650
14.965261
14.976871
14.988481
15.000091
15.011701
15.023311
15.034921
15.046531
15.058141
15.069751
15.081361
15.092971
15.104581
15.116191
15.127800
15.139410
15.151020
15.162630
15.174240
15.185850
15.197460
15.209070
15.220680
15.232290
15.243900
15.255510
15.267120
15.278730
15.290340
15.301950
15.313560
15.325171
15.336780
15.348390
15.360000
15.371610
15.383220
15.394830
15.406440
15.418050
15.429660
15.441270
15.452880
15.464490
15.476100
15.487710
15.499320
15.510930
15.522540
15.534150
15.545759
15.557369
15.568979
15.580589
15.592199
15.603809
15.615419
15.627029
15.638639
15.650249
15.661860
15.673470
15.685080
15.696690
15.708300
15.719910
15.731520
15.743129
15.754739
15.766349
15.777959
15.789569
15.801179
15.812789
15.824399
15.836009
15.847619
15.859229
15.870839
15.882449
15.894059
15.905669
15.917279
15.928889
15.940499
15.952108
15.963718
15.975328
15.986938
15.998549
16.010159
16.021769
16.033379
16.044989
16.056599
16.068209
16.079819
16.091429
16.103039
16.114649
16.126259
16.137869
16.149479
16.161089
16.172699
16.184309
16.195919
16.207529
16.219139
16.230749
16.242359
16.253969
16.265577
16.277187
16.288797
16.300407
16.312017
16.323627
16.335238
16.346848
16.358458
16.370068
16.381678
16.393288
16.404898
16.416508
16.428118
16.439728
16.451338
16.462948
16.474558
16.486168
16.497778
16.509388
16.520998
16.532608
16.544218
16.555828
16.567438
16.579048
16.590658
16.602268
16.613878
16.625488
16.637098
16.648708
16.660318
16.671926
16.683537
16.695147
16.706757
16.718367
16.729977
16.741587
16.753197
16.764807
16.776417
16.788027
16.799637
16.811247
16.822857
16.834467
16.846077
16.857687
16.869297
16.880907
16.892517
16.904127
16.915737
16.927347
16.938957
16.950567
16.962177
16.973787
16.985397
16.997007
17.008617
17.020227
17.031837
17.043447
17.055058
17.066668
17.078278
17.089886
17.101496
17.113106
17.124716
17.136326
17.147936
17.159546
17.171156
17.182766
17.194376
17.205986
17.217596
17.229206
17.240816
17.252426
17.264036
17.275646
17.287256
17.298866
17.310476
17.322086
17.333696
17.345306
17.356916
17.368526
17.380136
17.391747
17.403357
17.414967
17.426577
17.438187
17.449797
17.461407
17.473017
17.484627
17.496235
17.507845
17.519455
17.531065
17.542675
17.554285
17.565895
17.577505
17.589115
17.600725
17.612335
17.623945
17.635555
17.647165
17.658775
17.670385
17.681995
17.693605
17.705215
17.716825
17.728436
17.740046
17.751656
17.763266
17.774876
17.786486
17.798096
17.809706
17.821316
17.832926
17.844536
17.856146
17.867756
17.879366
17.890976
17.902586
17.914194
17.925804
17.937414
17.949024
17.960634
17.972244
17.983854
17.995464
18.007074
18.018684
18.030294
18.041904
18.053514
18.065125
18.076735
18.088345
18.099955
18.111565
18.123175
18.134785
18.146395
18.158005
18.169615
18.181225
18.192835
18.204445
18.216055
18.227665
18.239275
18.250885
18.262495
18.274105
18.285715
18.297325
18.308935
18.320543
18.332153
18.343763
18.355373
18.366983
18.378593
18.390203
18.401814
18.413424
18.425034
18.436644
18.448254
18.459864
18.471474
18.483084
18.494694
18.506304
18.517914
18.529524
18.541134
18.552744
18.564354
18.575964
18.587574
18.599184
18.610794
18.622404
18.634014
18.645624
18.657234
18.668844
18.680454
18.692064
18.703674
18.715284
18.726892
18.738503
18.750113
18.761723
18.773333
18.784943
18.796553
18.808163
18.819773
18.831383
18.842993
18.854603
18.866213
18.877823
18.889433
18.901043
18.912653
18.924263
18.935873
18.947483
18.959093
18.970703
18.982313
18.993923
19.005533
19.017143
19.028753
19.040363
19.051973
19.063583
19.075193
19.086803
19.098413
19.110023
19.121634
19.133244
19.144852
19.156462
19.168072
19.179682
19.191292
19.202902
19.214512
19.226122
19.237732
19.249342
19.260952
19.272562
19.284172
19.295782
19.307392
19.319002
19.330612
19.342222
19.353832
19.365442
19.377052
19.388662
19.400272
19.411882
19.423492
19.435102
19.446712
19.458323
19.469933
19.481543
19.493153
19.504763
19.516373
19.527983
19.539593
19.551201
19.562811
19.574421
19.586031
19.597641
19.609251
19.620861
19.632471
19.644081
19.655691
19.667301
19.678911
19.690521
19.702131
19.713741
19.725351
19.736961
19.748571
19.760181
19.771791
19.783401
19.795012
19.806622
19.818232
19.829842
19.841452
19.853062
19.864672
19.876282
19.887892
19.899502
19.911112
19.922722
19.934332
19.945942
19.957552
19.969160
19.980770
19.992380
20.003990
20.015600
20.027210
20.038820
20.050430
20.062040
20.073650
20.085260
20.096870
20.108480
20.120090
20.131701
20.143311
20.154921
20.166531
20.178141
20.189751
20.201361
20.212971
20.224581
20.236191
20.247801
20.259411
20.271021
20.282631
20.294241
20.305851
20.317461
20.329071
20.340681
20.352291
20.363901
20.375509
20.387119
20.398729
20.410339
20.421949
20.433559
20.445169
20.456779
20.468390
20.480000
20.491610
20.503220
20.514830
20.526440
20.538050
20.549660
20.561270
20.572880
20.584490
20.596100
20.607710
20.619320
20.630930
20.642540
20.654150
20.665760
20.677370
20.688980
20.700590
20.712200
20.723810
20.735420
20.747030
20.758640
20.770250
20.781860
20.793468
20.805079
20.816689
20.828299
20.839909
20.851519
20.863129
20.874739
20.886349
20.897959
20.909569
20.921179
20.932789
20.944399
20.956009
20.967619
20.979229
20.990839
21.002449
21.014059
21.025669
21.037279
21.048889
21.060499
21.072109
21.083719
21.095329
21.106939
21.118549
21.130159
21.141769
21.153379
21.164989
21.176600
21.188210
21.199818
21.211428
21.223038
21.234648
21.246258
21.257868
21.269478
21.281088
21.292698
21.304308
21.315918
21.327528
21.339138
21.350748
21.362358
21.373968
21.385578
21.397188
21.408798
21.420408
21.432018
21.443628
21.455238
21.466848
21.478458
21.490068
21.501678
21.513288
21.524899
21.536509
21.548119
21.559729
21.571339
21.582949
21.594559
21.606169
21.617777
21.629387
21.640997
21.652607
21.664217
21.675827
21.687437
21.699047
21.710657
21.722267
21.733877
21.745487
21.757097
21.768707
21.780317
21.791927
21.803537
21.815147
21.826757
21.838367
21.849977
21.861588
21.873198
21.884808
21.896418
21.908028
21.919638
21.931248
21.942858
21.954468
21.966078
21.977688
21.989298
22.000908
22.012518
22.024126
22.035736
22.047346
22.058956
22.070566
22.082176
22.093786
22.105396
22.117006
22.128616
22.140226
22.151836
22.163446
22.175056
22.186666
22.198277
22.209887
22.221497
22.233107
22.244717
22.256327
22.267937
22.279547
22.291157
22.302767
22.314377
22.325987
22.337597
22.349207
22.360817
22.372427
22.384037
22.395647
22.407257
22.418867
22.430477
22.442085
22.453695
22.465305
22.476915
22.488525
22.500135
22.511745
22.523355
22.534966
22.546576
22.558186
22.569796
22.581406
22.593016
22.604626
22.616236
22.627846
22.639456
22.651066
22.662676
22.674286
22.685896
22.697506
22.709116
22.720726
22.732336
22.743946
22.755556
22.767166
22.778776
22.790386
22.801996
22.813606
22.825216
22.836826
22.848434
22.860044
22.871655
22.883265
22.894875
22.906485
22.918095
22.929705
22.941315
22.952925
22.964535
22.976145
22.987755
22.999365
23.010975
23.022585
23.034195
23.045805
23.057415
23.069025
23.080635
23.092245
23.103855
23.115465
23.127075
23.138685
23.150295
23.161905
23.173515
23.185125
23.196735
23.208345
23.219955
23.231565
23.243176
23.254784
23.266394
23.278004
23.289614
23.301224
23.312834
23.324444
23.336054
23.347664
23.359274
23.370884
23.382494
23.394104
23.405714
23.417324
23.428934
23.440544
23.452154
23.463764
23.475374
23.486984
23.498594
23.510204
23.521814
23.533424
23.545034
23.556644
23.568254
23.579865
23.591475
23.603085
23.614695
23.626305
23.637915
23.649525
23.661135
23.672743
23.684353
23.695963
23.707573
23.719183
23.730793
23.742403
23.754013
23.765623
23.777233
23.788843
23.800453
23.812063
23.823673
23.835283
23.846893
23.858503
23.870113
23.881723
23.893333
23.904943
23.916553
23.928164
23.939774
23.951384
23.962994
23.974604
23.986214
23.997824
24.009434
24.021044
24.032654
24.044264
24.055874
24.067484
24.079092
24.090702
24.102312
24.113922
24.125532
24.137142
24.148752
24.160362
24.171972
24.183582
24.195192
24.206802
24.218412
24.230022
24.241632
24.253242
24.264853
24.276463
24.288073
24.299683
24.311293
24.322903
24.334513
24.346123
24.357733
24.369343
24.380953
24.392563
24.404173
24.415783
24.427393
24.439003
24.450613
24.462223
24.473833
24.485443
24.497051
24.508661
24.520271
24.531881
24.543491
24.555101
24.566711
24.578321
24.589931
24.601542
24.613152
24.624762
24.636372
24.647982
24.659592
24.671202
24.682812
24.694422
24.706032
24.717642
24.729252
24.740862
24.752472
24.764082
24.775692
24.787302
24.798912
24.810522
24.822132
24.833742
24.845352
24.856962
24.868572
24.880182
24.891792
24.903400
24.915010
24.926620
24.938231
24.949841
24.961451
24.973061
24.984671
24.996281
25.007891
25.019501
25.031111
25.042721
25.054331
25.065941
25.077551
25.089161
25.100771
25.112381
25.123991
25.135601
25.147211
25.158821
25.170431
25.182041
25.193651
25.205261
25.216871
25.228481
25.240091
25.251701
25.263311
25.274921
25.286531
25.298141
25.309752
25.321360
25.332970
25.344580
25.356190
25.367800
25.379410
25.391020
25.402630
25.414240
25.425850
25.437460
25.449070
25.460680
25.472290
25.483900
25.495510
25.507120
25.518730
25.530340
25.541950
25.553560
25.565170
25.576780
25.588390
25.600000
25.611610
25.623220
25.634830
25.646441
25.658051
25.669661
25.681271
25.692881
25.704491
25.716101
25.727709
25.739319
25.750929
25.762539
25.774149
25.785759
25.797369
25.808979
25.820589
25.832199
25.843809
25.855419
25.867029
25.878639
25.890249
25.901859
25.913469
25.925079
25.936689
25.948299
25.959909
25.971519
25.983130
25.994740
26.006350
26.017960
26.029570
26.041180
26.052790
26.064400
26.076010
26.087620
26.099230
26.110840
26.122450
26.134060
26.145668
26.157278
26.168888
26.180498
26.192108
26.203718
26.215328
26.226938
26.238548
26.250158
26.261768
26.273378
26.284988
26.296598
26.308208
26.319818
26.331429
26.343039
26.354649
26.366259
26.377869
26.389479
26.401089
26.412699
26.424309
26.435919
26.447529
26.459139
26.470749
26.482359
26.493969
26.505579
26.517189
26.528799
26.540409
26.552017
26.563627
26.575237
26.586847
26.598457
26.610067
26.621677
26.633287
26.644897
26.656507
26.668118
26.679728
26.691338
26.702948
26.714558
26.726168
26.737778
26.749388
26.760998
26.772608
26.784218
26.795828
26.807438
26.819048
26.830658
26.842268
26.853878
26.865488
26.877098
26.888708
26.900318
26.911928
26.923538
26.935148
26.946758
26.958366
26.969976
26.981586
26.993196
27.004807
27.016417
27.028027
27.039637
27.051247
27.062857
27.074467
27.086077
27.097687
27.109297
27.120907
27.132517
27.144127
27.155737
27.167347
27.178957
27.190567
27.202177
27.213787
27.225397
27.237007
27.248617
27.260227
27.271837
27.283447
27.295057
27.306667
27.318277
27.329887
27.341497
27.353107
27.364717
27.376326
27.387936
27.399546
27.411156
27.422766
27.434376
27.445986
27.457596
27.469206
27.480816
27.492426
27.504036
27.515646
27.527256
27.538866
27.550476
27.562086
27.573696
27.585306
27.596916
27.608526
27.620136
27.631746
27.643356
27.654966
27.666576
27.678186
27.689796
27.701406
27.713017
27.724627
27.736237
27.747847
27.759457
27.771067
27.782675
27.794285
27.805895
27.817505
27.829115
27.840725
27.852335
27.863945
27.875555
27.887165
27.898775
27.910385
27.921995
27.933605
27.945215
27.956825
27.968435
27.980045
27.991655
28.003265
28.014875
28.026485
28.038095
28.049706
28.061316
28.072926
28.084536
28.096146
28.107756
28.119366
28.130976
28.142586
28.154196
28.165806
28.177416
28.189026
28.200634
28.212244
28.223854
28.235464
28.247074
28.258684
28.270294
28.281904
28.293514
28.305124
28.316734
28.328344
28.339954
28.351564
28.363174
28.374784
28.386395
28.398005
28.409615
28.421225
28.432835
28.444445
28.456055
28.467665
28.479275
28.490885
28.502495
28.514105
28.525715
28.537325
28.548935
28.560545
28.572155
28.583765
28.595375
28.606983
28.618593
28.630203
28.641813
28.653423
28.665033
28.676643
28.688253
28.699863
28.711473
28.723083
28.734694
28.746304
28.757914
28.769524
28.781134
28.792744
28.804354
28.815964
28.827574
28.839184
28.850794
28.862404
28.874014
28.885624
28.897234
28.908844
28.920454
28.932064
28.943674
28.955284
28.966894
28.978504
28.990114
29.001724
29.013334
29.024942
29.036552
29.048162
29.059772
29.071383
29.082993
29.094603
29.106213
29.117823
29.129433
29.141043
29.152653
29.164263
29.175873
29.187483
29.199093
29.210703
29.222313
29.233923
29.245533
29.257143
29.268753
29.280363
29.291973
29.303583
29.315193
29.326803
29.338413
29.350023
29.361633
29.373243
29.384853
29.396463
29.408073
29.419683
29.431292
29.442902
29.454512
29.466122
29.477732
29.489342
29.500952
29.512562
29.524172
29.535782
29.547392
29.559002
29.570612
29.582222
29.593832
29.605442
29.617052
29.628662
29.640272
29.651882
29.663492
29.675102
29.686712
29.698322
29.709932
29.721542
29.733152
29.744762
29.756372
29.767982
29.779593
29.791203
29.802813
29.814423
29.826033
29.837643
29.849251
29.860861
29.872471
29.884081
29.895691
29.907301
29.918911
29.930521
29.942131
29.953741
29.965351
29.976961
29.988571
30.000181
30.011791
30.023401
30.035011
30.046621
30.058231
30.069841
30.081451
30.093061
30.104671
30.116282
30.127892
30.139502
30.151112
30.162722
30.174332
30.185942
30.197552
30.209162
30.220772
30.232382
30.243992
30.255600
30.267210
30.278820
30.290430
30.302040
30.313650
30.325260
30.336870
30.348480
30.360090
30.371700
30.383310
30.394920
30.406530
30.418140
30.429750
30.441360
30.452971
30.464581
30.476191
30.487801
30.499411
30.511021
30.522631
30.534241
30.545851
30.557461
30.569071
30.580681
30.592291
30.603901
30.615511
30.627121
30.638731
30.650341
30.661951
30.673559
30.685169
30.696779
30.708389
30.719999
30.731609
30.743219
30.754829
30.766439
30.778049
30.789660
30.801270
30.812880
30.824490
30.836100
30.847710
30.859320
30.870930
30.882540
30.894150
30.905760
30.917370
30.928980
30.940590
30.952200
30.963810
30.975420
30.987030
30.998640
31.010250
31.021860
31.033470
31.045080
31.056690
31.068300
31.079908
31.091518
31.103128
31.114738
31.126348
31.137959
31.149569
31.161179
31.172789
31.184399
31.196009
31.207619
31.219229
31.230839
31.242449
31.254059
31.265669
31.277279
31.288889
31.300499
31.312109
31.323719
31.335329
31.346939
31.358549
31.370159
31.381769
31.393379
31.404989
31.416599
31.428209
31.439819
31.451429
31.463039
31.474649
31.486258
31.497868
31.509478
31.521088
31.532698
31.544308
31.555918
31.567528
31.579138
31.590748
31.602358
31.613968
31.625578
31.637188
31.648798
31.660408
31.672018
31.683628
31.695238
31.706848
31.718458
31.730068
31.741678
31.753288
31.764898
31.776508
31.788118
31.799728
31.811338
31.822948
31.834558
31.846169
31.857779
31.869389
31.880999
31.892609
31.904217
31.915827
31.927437
31.939047
31.950657
31.962267
31.973877
31.985487
31.997097
32.008709
32.020317
32.031929
32.043537
32.055149
32.066757
32.078369
32.089977
32.101589
32.113197
32.124805
32.136417
32.148026
32.159637
32.171246
32.182858
32.194466
32.206078
32.217686
32.229298
32.240906
32.252518
32.264126
32.275738
32.287346
32.298958
32.310566
32.322178
32.333786
32.345398
32.357006
32.368618
32.380226
32.391838
32.403446
32.415058
32.426666
32.438278
32.449886
32.461498
32.473106
32.484718
32.496326
32.507938
32.519547
32.531155
32.542767
32.554375
32.565987
32.577595
32.589207
32.600815
32.612427
32.624035
32.635647
32.647255
32.658867
32.670475
32.682087
32.693695
32.705307
32.716915
32.728527
32.740135
32.751747
32.763355
32.774967
32.786575
32.798187
32.809795
32.821407
32.833015
32.844627
32.856236
32.867847
32.879456
32.891068
32.902676
32.914288
32.925896
32.937504
32.949116
32.960724
32.972336
32.983944
32.995556
33.007164
33.018776
33.030384
33.041996
33.053604
33.065216
33.076824
33.088436
33.100044
33.111656
33.123264
33.134876
33.146484
33.158096
33.169704
33.181316
33.192924
33.204536
33.216145
33.227757
33.239365
33.250977
33.262585
33.274197
33.285805
33.297417
33.309025
33.320637
33.332245
33.343853
33.355465
33.367073
33.378685
33.390293
33.401905
33.413513
33.425125
33.436733
33.448345
33.459953
33.471565
33.483173
33.494785
33.506393
33.518005
33.529613
33.541225
33.552834
33.564445
33.576054
33.587666
33.599274
33.610886
33.622494
33.634106
33.645714
33.657326
33.668934
33.680546
33.692154
33.703766
33.715374
33.726986
33.738594
33.750202
33.761814
33.773422
33.785034
33.796642
33.808254
33.819862
33.831474
33.843082
33.854694
33.866302
33.877914
33.889523
33.901134
33.912743
33.924355
33.935963
33.947575
33.959183
33.970795
33.982403
33.994015
34.005623
34.017235
34.028843
34.040455
34.052063
34.063675
34.075283
34.086895
34.098503
34.110115
34.121723
34.133335
34.144943
34.156555
34.168163
34.179771
34.191383
34.202991
34.214603
34.226212
34.237823
34.249432
34.261044
34.272652
34.284264
34.295872
34.307484
34.319092
34.330704
34.342312
34.353924
34.365532
34.377144
34.388752
34.400364
34.411972
34.423584
34.435192
34.446804
34.458412
34.470024
34.481632
34.493244
34.504852
34.516464
34.528072
34.539684
34.551292
34.562904
34.574512
34.586121
34.597733
34.609341
34.620953
34.632561
34.644173
34.655781
34.667393
34.679001
34.690613
34.702221
34.713833
34.725441
34.737053
34.748661
34.760273
34.771881
34.783493
34.795101
34.806713
34.818321
34.829933
34.841541
34.853153
34.864761
34.876373
34.887981
34.899593
34.911201
34.922813
34.934422
34.946033
34.957642
34.969254
34.980862
34.992470
35.004082
35.015690
35.027302
35.038910
35.050522
35.062130
35.073742
35.085350
35.096962
35.108570
35.120182
35.131790
35.143402
35.155010
35.166622
35.178230
35.189842
35.201450
35.213062
35.224670
35.236282
35.247890
35.259502
35.271111
35.282722
35.294331
35.305943
35.317551
35.329163
35.340771
35.352383
35.363991
35.375603
35.387211
35.398819
35.410431
35.422039
35.433651
35.445259
35.456871
35.468479
35.480091
35.491699
35.503311
35.514919
35.526531
35.538139
35.549751
35.561359
35.572971
35.584579
35.596191
35.607800
35.619411
35.631020
35.642632
35.654240
35.665852
35.677460
35.689072
35.700680
35.712292
35.723900
35.735512
35.747120
35.758732
35.770340
35.781952
35.793560
35.805172
35.816780
35.828388
35.840000
35.851608
35.863220
35.874828
35.886440
35.898048
35.909660
35.921268
35.932880
35.944489
35.956100
35.967709
35.979321
35.990929
36.002541
36.014149
36.025761
36.037369
36.048981
36.060589
36.072201
36.083809
36.095421
36.107029
36.118641
36.130249
36.141861
36.153469
36.165081
36.176689
36.188301
36.199909
36.211521
36.223129
36.234737
36.246349
36.257957
36.269569
36.281178
36.292789
36.304398
36.316010
36.327618
36.339230
36.350838
36.362450
36.374058
36.385670
36.397278
36.408890
36.420498
36.432110
36.443718
36.455330
36.466938
36.478550
36.490158
36.501770
36.513378
36.524990
36.536598
36.548210
36.559818
36.571430
36.583038
36.594650
36.606258
36.617870
36.629478
36.641087
36.652699
36.664307
36.675919
36.687527
36.699139
36.710747
36.722359
36.733967
36.745579
36.757187
36.768799
36.780407
36.792019
36.803627
36.815239
36.826847
36.838459
36.850067
36.861679
36.873287
36.884899
36.896507
36.908119
36.919727
36.931339
36.942947
36.954559
36.966167
36.977779
36.989388
37.000999
37.012608
37.024220
37.035828
37.047436
37.059048
37.070656
37.082268
37.093876
37.105488
37.117096
37.128708
37.140316
37.151928
37.163536
37.175148
37.186756
37.198368
37.209976
37.221588
37.233196
37.244808
37.256416
37.268028
37.279636
37.291248
37.302856
37.314468
37.326077
37.337688
37.349297
37.360909
37.372517
37.384129
37.395737
37.407349
37.418957
37.430569
37.442177
37.453785
37.465397
37.477005
37.488617
37.500225
37.511837
37.523445
37.535057
37.546665
37.558277
37.569885
37.581497
37.593105
37.604717
37.616325
37.627937
37.639545
37.651157
37.662766
37.674377
37.685986
37.697598
37.709206
37.720818
37.732426
37.744038
37.755646
37.767258
37.778866
37.790478
37.802086
37.813698
37.825306
37.836918
37.848526
37.860138
37.871746
37.883354
37.894966
37.906574
37.918186
37.929794
37.941406
37.953014
37.964626
37.976234
37.987846
37.999454
38.011066
38.022675
38.034286
38.045895
38.057507
38.069115
38.080727
38.092335
38.103947
38.115555
38.127167
38.138775
38.150387
38.161995
38.173607
38.185215
38.196827
38.208435
38.220047
38.231655
38.243267
38.254875
38.266487
38.278095
38.289703
38.301315
38.312923
38.324535
38.336143
38.347755
38.359364
38.370975
38.382584
38.394196
38.405804
38.417416
38.429024
38.440636
38.452244
38.463856
38.475464
38.487076
38.498684
38.510296
38.521904
38.533516
38.545124
38.556736
38.568344
38.579956
38.591564
38.603176
38.614784
38.626396
38.638004
38.649616
38.661224
38.672836
38.684444
38.696053
38.707664
38.719273
38.730885
38.742493
38.754105
38.765713
38.777325
38.788933
38.800545
38.812153
38.823765
38.835373
38.846985
38.858593
38.870205
38.881813
38.893425
38.905033
38.916645
38.928253
38.939865
38.951473
38.963085
38.974693
38.986305
38.997913
39.009525
39.021133
39.032745
39.044353
39.055965
39.067574
39.079185
39.090794
39.102402
39.114014
39.125622
39.137234
39.148842
39.160454
39.172062
39.183674
39.195282
39.206894
39.218502
39.230114
39.241722
39.253334
39.264942
39.276554
39.288162
39.299774
39.311382
39.322994
39.334602
39.346214
39.357822
39.369434
39.381042
39.392654
39.404263
39.415874
39.427483
39.439095
39.450703
39.462315
39.473923
39.485535
39.497143
39.508755
39.520363
39.531971
39.543583
39.555191
39.566803
39.578411
39.590023
39.601631
39.613243
39.624851
39.636463
39.648071
39.659683
39.671291
39.682903
39.694511
39.706123
39.717731
39.729343
39.740952
39.752563
39.764172
39.775784
39.787392
39.799004
39.810612
39.822224
39.833832
39.845444
39.857052
39.868664
39.880272
39.891884
39.903492
39.915104
39.926712
39.938320
39.949932
39.961540
39.973152
39.984760
