0.612200
0.732744
0.845556
0.874717
1.024853
1.562517
1.838889
2.121179
2.141587
2.430544
2.522993
2.701950
3.011791
3.271950
4.153152
4.420703
4.740952
5.033265
5.309886
5.868458
6.152630
6.428889
6.453492
7.048866
7.141202
7.320295
7.618844
7.920499
8.090431
8.500454
8.781224
9.073379
9.367687
9.657574
9.964149
10.070567
10.679456
11.063197
11.325873
11.360204
11.672812
11.948798
12.236077
12.826282
13.395397
13.665668
14.274693
14.561360
14.583537
14.834036
14.866236
15.166848
15.702177
15.974059
16.635374
16.879501
17.119614
17.736984
18.285419
18.602404
18.765148
18.887007
19.184490
19.340952
19.468821
19.926554
20.042902
20.625963
20.906033
21.160589
21.354694
21.475262
21.714739
21.771996
22.053152
22.220022
22.256758
22.338526
22.608866
22.776825
22.896757
22.922947
23.500544
23.732471
23.790657
24.079002
24.370386
24.636395
24.657211
24.879274
24.945738
25.235918
25.519434
25.665171
25.805691
26.094398
26.386009
26.672426
26.838232
26.954195
27.250908
27.380907
27.542517
27.812426
28.109093
28.348391
28.652267
28.697596
28.983877
29.180090
29.268707
29.561655
29.822517
29.853107
30.132244
30.418299
30.709047
31.003923
31.293606
31.454672
31.578005
31.869955
32.026802
32.158730
32.444489
32.722969
33.017460
33.235352
33.311451
33.598732
33.882427
34.177120
34.441994
34.466782
34.744469
34.921883
35.006008
35.037552
35.327122
35.619503
35.901451
36.182812
36.484673
36.750023
36.771973
37.028118
37.061134
37.328842
37.602993
37.633312
37.922245
38.200047
38.437279
38.487732
38.784172
39.078979
39.641338
39.947166
40.239548
40.530045
40.770023
40.808186
41.092766
41.391109
41.655716
41.962540
42.247459
42.544762
42.832539
43.113468
43.405693
43.697777
44.271633
44.433945
44.562496
44.853062
45.433876
45.714489
46.007641
46.573471
46.868664
47.159523
47.731224
48.023491
48.324352
48.895260
49.182629
49.469116
49.752110
50.040363
50.621677
50.924717
51.186325
51.493130
51.778934
52.063221
52.224468
52.348797
52.645397
52.933037
52.970226
53.369205
53.395714
53.496235
53.766396
53.795033
54.081791
54.369114
55.244240
55.530113
55.800205
56.108051
56.271542
56.396984
56.689819
56.953766
57.221134
57.265987
57.461861
57.558208
57.843788
58.123379
58.403355
58.559593
58.675465
58.711201
58.992878
59.274128
59.554081
59.753468
59.862606
60.151043
60.408752
60.725079
60.999817
61.299049
61.423199
61.566780
61.880974
62.057640
62.165260
62.332745
62.460361
62.576530
62.732609
63.031586
63.290455
63.323105
63.610432
63.754444
63.893311
64.191132
64.387215
64.480270
64.767570
65.047600
65.189301
65.345444
65.506531
65.634262
65.921021
66.211182
66.475082
66.499908
66.629547
66.676193
66.754265
67.013832
67.077911
67.360863
67.605919
67.651176
67.810570
67.941132
68.210632
68.518166
68.715576
68.809822
68.903152
69.096077
69.379410
69.662674
69.913330
69.956528
70.111450
70.250320
70.484833
70.703400
70.822266
71.080360
71.115196
71.353172
71.404625
71.691994
71.978912
72.268822
72.546051
72.847961
73.135078
73.276825
73.403786
73.423813
73.712929
73.998047
74.167076
74.277664
74.530457
74.569908
74.745804
74.809776
74.859543
75.015396
75.139320
75.306595
75.358643
75.397804
75.528893
75.718658
76.016121
76.530273
76.587280
76.881065
77.165535
77.436165
77.614784
77.734398
78.022179
78.322266
78.602196
78.783630
78.898888
79.184784
79.473808
79.760048
80.043015
80.333511
80.630592
81.200386
81.497231
81.780701
82.232292
82.363403
82.643898
82.937935
83.200996
83.251091
83.400978
83.512672
84.085510
84.119431
84.381042
84.538300
84.659500
84.954628
85.244354
85.823830
86.092674
86.392357
86.661430
86.970001
87.271339
87.545990
88.119026
88.413742
88.709068
89.197731
89.274788
89.564125
89.853920
90.423698
90.719795
91.007980
91.299255
91.463516
92.169136
92.459457
92.728279
93.032448
93.327324
93.482605
93.611336
94.349045
94.446960
94.922112
94.997528
95.032837
95.287163
95.328590
95.630814
95.757072
95.867325
95.891449
95.924828
96.204376
96.449074
96.486732
96.609528
96.653763
96.729614
96.753670
96.773903
97.080933
97.243919
97.318642
97.364578
97.613426
97.647415
97.899414
97.944084
98.230820
98.515099
98.543762
98.817757
98.949928
99.093285
99.386688
99.548073
99.659271
99.836716
99.931137
99.955376
100.249344
100.501137
100.540680
100.697617
100.748817
100.821289
101.069344
101.114830
101.398636
101.419884
101.694672
101.853966
101.889160
101.970680
102.266869
102.480843
102.556641
102.847412
103.095512
103.133423
103.426483
103.586487
103.613037
103.710564
103.975037
104.001564
104.163948
104.277596
104.559250
104.864532
105.148865
105.312813
105.435173
105.680611
105.722336
105.985283
106.017303
106.270203
106.300995
106.472107
106.541336
106.582359
106.856644
106.879616
107.164810
107.442062
107.622833
107.734810
107.913017
108.033104
108.173988
108.278801
108.322449
108.604828
108.777481
108.888756
109.182770
109.480995
109.690567
109.768188
110.044807
110.296165
110.343063
110.635353
110.914421
111.088890
111.152199
111.211700
111.355804
111.501244
111.645264
111.782471
111.935555
112.226212
112.262543
112.289230
112.325241
112.458321
112.662766
112.932770
113.502335
113.801834
114.091293
114.384720
114.680977
115.249390
115.519203
115.823738
116.114441
116.402946
116.688683
116.846375
116.975441
117.265877
117.557411
118.021294
118.129868
118.418869
118.708160
119.282333
119.568687
119.856644
120.431404
120.730431
121.015465
121.301224
121.581131
122.173447
122.635284
122.748093
123.040451
123.615395
123.898636
124.485260
124.941040
125.053490
125.212723
125.345329
125.495758
125.630722
125.919273
126.082634
126.493309
126.780159
127.933380
128.229324
128.380447
128.504425
128.811356
129.084656
129.376740
129.663361
129.948349
130.241028
130.539337
130.829315
131.109909
131.314285
131.403717
131.690506
131.936829
132.268524
132.537308
132.561020
132.790070
133.108124
133.425873
133.710251
134.000931
134.261566
134.291504
134.570206
134.839996
134.870911
135.154678
135.440186
135.727661
136.014648
136.304077
136.478455
136.579163
136.878906
137.101181
137.149139
137.174896
137.461746
137.754669
138.042297
138.280563
138.334305
138.584122
138.842880
139.156555
139.196899
139.479187
139.604874
139.771317
140.056808
140.343643
140.629684
140.921967
141.203064
141.491898
141.776260
142.014496
142.067169
142.321991
142.655106
142.946365
143.508774
143.788589
144.087616
144.967194
145.250702
145.546753
145.825394
146.122131
146.278839
146.404602
146.697144
146.988861
147.259232
147.516571
147.583862
147.863876
148.140594
148.427979
148.677841
148.719055
149.007126
149.541245
149.590302
149.870132
150.451965
150.679642
150.980118
151.021179
151.308655
151.578751
151.894882
152.181839
152.471832
152.755692
153.011978
153.043808
153.329910
153.621796
153.882568
154.183533
154.490860
154.754791
154.778870
155.065186
155.308792
155.339706
155.605530
155.637985
155.916901
156.763519
156.796829
157.093338
157.370972
157.657181
157.946121
158.237259
158.523590
158.811066
159.108261
159.399429
159.662476
159.838760
159.966354
160.185516
160.255035
160.541321
160.808960
161.123917
161.411743
161.673019
161.704239
161.987549
162.271973
162.538940
162.561951
162.853088
163.127396
163.688324
163.721588
163.965958
164.013153
164.250427
164.296967
164.586548
164.865372
165.016785
165.144394
165.285217
165.421341
166.584869
166.879456
167.162766
167.454620
167.612717
167.743317
168.030869
168.337143
168.778000
168.895889
169.440063
169.487869
169.777008
170.641159
171.201111
171.492630
171.778702
172.227921
172.354202
172.634598
172.919403
173.497772
173.788025
174.082993
174.677078
174.815506
175.237503
175.704315
175.808167
176.104675
176.394485
176.679688
176.965698
177.254059
177.550812
178.113113
178.414215
178.571365
178.613037
178.989319
179.151489
179.269028
179.566330
179.860245
180.318634
180.430130
180.725403
181.009018
181.299683
181.590454
181.868576
182.164627
182.734573
183.030319
183.316772
183.475327
183.607727
183.748688
184.051254
184.467728
184.771072
185.049316
185.341721
185.911163
186.201889
186.488098
186.781036
186.895508
187.352768
187.648773
187.969620
188.224823
188.381561
188.503677
189.088959
189.658997
189.951157
190.239929
190.535080
190.814133
195.825424
197.054642
197.090302
